10,0161627447308; 41,5390936152726
12,5373195915191; 20,7538022523531
24,9246931518077; 13,5581112297057
14,8790115559842; 25,6462679829664
23,3574034056428; 19,5636985914613

0: 10,0161627447308, 41,5390936152726
1: 23,3574034056428, 19,5636985914613
2: 24,9246931518077, 13,5581112297057
3: 12,5373195915191, 20,7538022523531
4: 14,8790115559842, 25,6462679829664
